 0.0000 0.0000 0.0000 0.0000 0.0000 0.0000 0.0000 0.0000 0.0000 0.0000 0.0000 0.0000 0.0000 0.0000 0.0000 0.0000 0.0000 0.0000 0.0000 0.0000 0.0000 0.0000 0.0000 0.0000 0.0000 0.0000 0.0000 0.0000 0.0000 0.0000 0.0000 0.0000 0.0000 0.0000 0.0000 0.0000 0.0000 0.0000 0.0000 0.0000
 0.0000 0.0000 0.0000 0.0000 0.0000 0.0000 0.0000 0.0000 0.0000 0.0000 0.0000 0.0000 0.0000 0.0000 0.0000 0.0000 0.0000 0.0000 0.0000 0.0000 0.0000 0.0000 0.0000 0.0000 0.0000 0.0000 0.0000 0.0000 0.0000 0.0000 0.0000 0.0000 0.0000 0.0000 0.0000 0.0000 0.0000 0.0000 0.0000 0.0000
 0.0000 0.0000 0.0000 0.0000 0.0000 0.0000 0.0000 0.0000 0.0000 0.0000 0.0000 0.0000 0.0000 0.0000 0.0000 0.0000 0.0000 0.0000 0.0000 0.0000 0.0000 0.0000 0.0000 0.0000 0.0000 0.0000 0.0000 0.0000 0.0000 0.0000 0.0000 0.0000 0.0000 0.0000 0.0000 0.0000 0.0000 0.0000 0.0000 0.0000
 0.0000 0.0000 0.0000 0.0000 0.0000 0.0000 0.0000 0.0000 0.0000 0.0000 0.0000 0.0000 0.0000 0.0000 0.0000 0.0000 0.0000 0.0000 0.0000 0.0000 0.0000 0.0000 0.0000 0.0000 0.0000 0.0000 0.0000 0.0000 0.0000 0.0000 0.0000 0.0000 0.0000 0.0000 0.0000 0.0000 0.0000 0.0000 0.0000 0.0000
 0.0000 0.0000 0.0000 0.0000 0.0000 0.0000 0.0000 0.0000 0.0000 0.0000 0.0000 0.0000 0.0000 0.0000 0.0000 0.0000 0.0000 0.0000 0.0000 0.0000 0.0000 0.0000 0.0000 0.0000 0.0000 0.0000 0.0000 0.0000 0.0000 0.0000 0.0000 0.0000 0.0000 0.0000 0.0000 0.0000 0.0000 0.0000 0.0000 0.0000
 0.0000 0.0000 0.0000 0.0000 0.0000 0.0000 0.0000 0.0000 0.0000 0.0000 0.0000 0.0000 0.0000 0.0000 0.0000 0.0000 0.0000 0.0001 0.0001 0.0001 0.0001 0.0001 0.0001 0.0001 0.0000 0.0000 0.0000 0.0000 0.0000 0.0000 0.0000 0.0000 0.0000 0.0000 0.0000 0.0000 0.0000 0.0000 0.0000 0.0000
 0.0000 0.0000 0.0000 0.0000 0.0000 0.0000 0.0000 0.0000 0.0000 0.0000 0.0000 0.0000 0.0000 0.0000 0.0001 0.0001 0.0002 0.0002 0.0003 0.0003 0.0003 0.0003 0.0003 0.0002 0.0002 0.0001 0.0001 0.0000 0.0000 0.0000 0.0000 0.0000 0.0000 0.0000 0.0000 0.0000 0.0000 0.0000 0.0000 0.0000
 0.0000 0.0000 0.0000 0.0000 0.0000 0.0000 0.0000 0.0000 0.0000 0.0000 0.0000 0.0000 0.0001 0.0001 0.0002 0.0003 0.0004 0.0005 0.0006 0.0007 0.0007 0.0007 0.0006 0.0005 0.0004 0.0003 0.0002 0.0001 0.0001 0.0000 0.0000 0.0000 0.0000 0.0000 0.0000 0.0000 0.0000 0.0000 0.0000 0.0000
 0.0000 0.0000 0.0000 0.0000 0.0000 0.0000 0.0000 0.0000 0.0000 0.0000 0.0000 0.0001 0.0002 0.0003 0.0005 0.0007 0.0009 0.0012 0.0014 0.0015 0.0016 0.0015 0.0014 0.0012 0.0009 0.0007 0.0005 0.0003 0.0002 0.0001 0.0000 0.0000 0.0000 0.0000 0.0000 0.0000 0.0000 0.0000 0.0000 0.0000
 0.0000 0.0000 0.0000 0.0000 0.0000 0.0000 0.0000 0.0000 0.0000 0.0000 0.0001 0.0002 0.0004 0.0006 0.0010 0.0014 0.0019 0.0024 0.0028 0.0030 0.0031 0.0030 0.0028 0.0024 0.0019 0.0014 0.0010 0.0006 0.0004 0.0002 0.0001 0.0000 0.0000 0.0000 0.0000 0.0000 0.0000 0.0000 0.0000 0.0000
 0.0000 0.0000 0.0000 0.0000 0.0000 0.0000 0.0000 0.0000 0.0000 0.0001 0.0002 0.0004 0.0008 0.0012 0.0019 0.0027 0.0035 0.0044 0.0051 0.0055 0.0057 0.0055 0.0051 0.0044 0.0035 0.0027 0.0019 0.0012 0.0008 0.0004 0.0002 0.0001 0.0000 0.0000 0.0000 0.0000 0.0000 0.0000 0.0000 0.0000
 0.0000 0.0000 0.0000 0.0000 0.0000 0.0000 0.0000 0.0000 0.0001 0.0002 0.0004 0.0008 0.0014 0.0023 0.0034 0.0047 0.0062 0.0075 0.0086 0.0093 0.0095 0.0093 0.0086 0.0075 0.0062 0.0047 0.0034 0.0023 0.0014 0.0008 0.0004 0.0002 0.0001 0.0000 0.0000 0.0000 0.0000 0.0000 0.0000 0.0000
 0.0000 0.0000 0.0000 0.0000 0.0000 0.0000 0.0000 0.0001 0.0002 0.0004 0.0008 0.0014 0.0024 0.0038 0.0056 0.0077 0.0098 0.0116 0.0132 0.0141 0.0145 0.0141 0.0132 0.0116 0.0098 0.0077 0.0056 0.0038 0.0024 0.0014 0.0008 0.0004 0.0002 0.0001 0.0000 0.0000 0.0000 0.0000 0.0000 0.0000
 0.0000 0.0000 0.0000 0.0000 0.0000 0.0000 0.0000 0.0001 0.0003 0.0006 0.0012 0.0023 0.0038 0.0059 0.0085 0.0114 0.0142 0.0166 0.0184 0.0196 0.0199 0.0196 0.0184 0.0166 0.0142 0.0114 0.0085 0.0059 0.0038 0.0023 0.0012 0.0006 0.0003 0.0001 0.0000 0.0000 0.0000 0.0000 0.0000 0.0000
 0.0000 0.0000 0.0000 0.0000 0.0000 0.0000 0.0001 0.0002 0.0005 0.0010 0.0019 0.0034 0.0056 0.0085 0.0120 0.0156 0.0189 0.0216 0.0235 0.0246 0.0250 0.0246 0.0235 0.0216 0.0189 0.0156 0.0120 0.0085 0.0056 0.0034 0.0019 0.0010 0.0005 0.0002 0.0001 0.0000 0.0000 0.0000 0.0000 0.0000
 0.0000 0.0000 0.0000 0.0000 0.0000 0.0000 0.0001 0.0003 0.0007 0.0014 0.0027 0.0047 0.0077 0.0114 0.0156 0.0197 0.0232 0.0258 0.0274 0.0283 0.0285 0.0283 0.0274 0.0258 0.0232 0.0197 0.0156 0.0114 0.0077 0.0047 0.0027 0.0014 0.0007 0.0003 0.0001 0.0000 0.0000 0.0000 0.0000 0.0000
 0.0000 0.0000 0.0000 0.0000 0.0000 0.0000 0.0002 0.0004 0.0009 0.0019 0.0035 0.0062 0.0098 0.0142 0.0189 0.0232 0.0266 0.0286 0.0296 0.0301 0.0302 0.0301 0.0296 0.0286 0.0266 0.0232 0.0189 0.0142 0.0098 0.0062 0.0035 0.0019 0.0009 0.0004 0.0002 0.0000 0.0000 0.0000 0.0000 0.0000
 0.0000 0.0000 0.0000 0.0000 0.0000 0.0001 0.0002 0.0005 0.0012 0.0024 0.0044 0.0075 0.0116 0.0166 0.0216 0.0258 0.0286 0.0299 0.0303 0.0306 0.0312 0.0306 0.0303 0.0299 0.0286 0.0258 0.0216 0.0166 0.0116 0.0075 0.0044 0.0024 0.0012 0.0005 0.0002 0.0001 0.0000 0.0000 0.0000 0.0000
 0.0000 0.0000 0.0000 0.0000 0.0000 0.0001 0.0003 0.0006 0.0014 0.0028 0.0051 0.0086 0.0132 0.0184 0.0235 0.0274 0.0296 0.0303 0.0307 0.0326 0.0366 0.0326 0.0307 0.0303 0.0296 0.0274 0.0235 0.0184 0.0132 0.0086 0.0051 0.0028 0.0014 0.0006 0.0003 0.0001 0.0000 0.0000 0.0000 0.0000
 0.0000 0.0000 0.0000 0.0000 0.0000 0.0001 0.0003 0.0007 0.0015 0.0030 0.0055 0.0093 0.0141 0.0196 0.0246 0.0283 0.0301 0.0306 0.0326 0.0425 0.0691 0.0425 0.0326 0.0306 0.0301 0.0283 0.0246 0.0196 0.0141 0.0093 0.0055 0.0030 0.0015 0.0007 0.0003 0.0001 0.0000 0.0000 0.0000 0.0000
 0.0000 0.0000 0.0000 0.0000 0.0000 0.0001 0.0003 0.0007 0.0016 0.0031 0.0057 0.0095 0.0145 0.0199 0.0250 0.0285 0.0302 0.0312 0.0366 0.0691 0.2494 0.0691 0.0366 0.0312 0.0302 0.0285 0.0250 0.0199 0.0145 0.0095 0.0057 0.0031 0.0016 0.0007 0.0003 0.0001 0.0000 0.0000 0.0000 0.0000
 0.0000 0.0000 0.0000 0.0000 0.0000 0.0001 0.0003 0.0007 0.0015 0.0030 0.0055 0.0093 0.0141 0.0196 0.0246 0.0283 0.0301 0.0306 0.0326 0.0425 0.0691 0.0425 0.0326 0.0306 0.0301 0.0283 0.0246 0.0196 0.0141 0.0093 0.0055 0.0030 0.0015 0.0007 0.0003 0.0001 0.0000 0.0000 0.0000 0.0000
 0.0000 0.0000 0.0000 0.0000 0.0000 0.0001 0.0003 0.0006 0.0014 0.0028 0.0051 0.0086 0.0132 0.0184 0.0235 0.0274 0.0296 0.0303 0.0307 0.0326 0.0366 0.0326 0.0307 0.0303 0.0296 0.0274 0.0235 0.0184 0.0132 0.0086 0.0051 0.0028 0.0014 0.0006 0.0003 0.0001 0.0000 0.0000 0.0000 0.0000
 0.0000 0.0000 0.0000 0.0000 0.0000 0.0001 0.0002 0.0005 0.0012 0.0024 0.0044 0.0075 0.0116 0.0166 0.0216 0.0258 0.0286 0.0299 0.0303 0.0306 0.0312 0.0306 0.0303 0.0299 0.0286 0.0258 0.0216 0.0166 0.0116 0.0075 0.0044 0.0024 0.0012 0.0005 0.0002 0.0001 0.0000 0.0000 0.0000 0.0000
 0.0000 0.0000 0.0000 0.0000 0.0000 0.0000 0.0002 0.0004 0.0009 0.0019 0.0035 0.0062 0.0098 0.0142 0.0189 0.0232 0.0266 0.0286 0.0296 0.0301 0.0302 0.0301 0.0296 0.0286 0.0266 0.0232 0.0189 0.0142 0.0098 0.0062 0.0035 0.0019 0.0009 0.0004 0.0002 0.0000 0.0000 0.0000 0.0000 0.0000
 0.0000 0.0000 0.0000 0.0000 0.0000 0.0000 0.0001 0.0003 0.0007 0.0014 0.0027 0.0047 0.0077 0.0114 0.0156 0.0197 0.0232 0.0258 0.0274 0.0283 0.0285 0.0283 0.0274 0.0258 0.0232 0.0197 0.0156 0.0114 0.0077 0.0047 0.0027 0.0014 0.0007 0.0003 0.0001 0.0000 0.0000 0.0000 0.0000 0.0000
 0.0000 0.0000 0.0000 0.0000 0.0000 0.0000 0.0001 0.0002 0.0005 0.0010 0.0019 0.0034 0.0056 0.0085 0.0120 0.0156 0.0189 0.0216 0.0235 0.0246 0.0250 0.0246 0.0235 0.0216 0.0189 0.0156 0.0120 0.0085 0.0056 0.0034 0.0019 0.0010 0.0005 0.0002 0.0001 0.0000 0.0000 0.0000 0.0000 0.0000
 0.0000 0.0000 0.0000 0.0000 0.0000 0.0000 0.0000 0.0001 0.0003 0.0006 0.0012 0.0023 0.0038 0.0059 0.0085 0.0114 0.0142 0.0166 0.0184 0.0196 0.0199 0.0196 0.0184 0.0166 0.0142 0.0114 0.0085 0.0059 0.0038 0.0023 0.0012 0.0006 0.0003 0.0001 0.0000 0.0000 0.0000 0.0000 0.0000 0.0000
 0.0000 0.0000 0.0000 0.0000 0.0000 0.0000 0.0000 0.0001 0.0002 0.0004 0.0008 0.0014 0.0024 0.0038 0.0056 0.0077 0.0098 0.0116 0.0132 0.0141 0.0145 0.0141 0.0132 0.0116 0.0098 0.0077 0.0056 0.0038 0.0024 0.0014 0.0008 0.0004 0.0002 0.0001 0.0000 0.0000 0.0000 0.0000 0.0000 0.0000
 0.0000 0.0000 0.0000 0.0000 0.0000 0.0000 0.0000 0.0000 0.0001 0.0002 0.0004 0.0008 0.0014 0.0023 0.0034 0.0047 0.0062 0.0075 0.0086 0.0093 0.0095 0.0093 0.0086 0.0075 0.0062 0.0047 0.0034 0.0023 0.0014 0.0008 0.0004 0.0002 0.0001 0.0000 0.0000 0.0000 0.0000 0.0000 0.0000 0.0000
 0.0000 0.0000 0.0000 0.0000 0.0000 0.0000 0.0000 0.0000 0.0000 0.0001 0.0002 0.0004 0.0008 0.0012 0.0019 0.0027 0.0035 0.0044 0.0051 0.0055 0.0057 0.0055 0.0051 0.0044 0.0035 0.0027 0.0019 0.0012 0.0008 0.0004 0.0002 0.0001 0.0000 0.0000 0.0000 0.0000 0.0000 0.0000 0.0000 0.0000
 0.0000 0.0000 0.0000 0.0000 0.0000 0.0000 0.0000 0.0000 0.0000 0.0000 0.0001 0.0002 0.0004 0.0006 0.0010 0.0014 0.0019 0.0024 0.0028 0.0030 0.0031 0.0030 0.0028 0.0024 0.0019 0.0014 0.0010 0.0006 0.0004 0.0002 0.0001 0.0000 0.0000 0.0000 0.0000 0.0000 0.0000 0.0000 0.0000 0.0000
 0.0000 0.0000 0.0000 0.0000 0.0000 0.0000 0.0000 0.0000 0.0000 0.0000 0.0000 0.0001 0.0002 0.0003 0.0005 0.0007 0.0009 0.0012 0.0014 0.0015 0.0016 0.0015 0.0014 0.0012 0.0009 0.0007 0.0005 0.0003 0.0002 0.0001 0.0000 0.0000 0.0000 0.0000 0.0000 0.0000 0.0000 0.0000 0.0000 0.0000
 0.0000 0.0000 0.0000 0.0000 0.0000 0.0000 0.0000 0.0000 0.0000 0.0000 0.0000 0.0000 0.0001 0.0001 0.0002 0.0003 0.0004 0.0005 0.0006 0.0007 0.0007 0.0007 0.0006 0.0005 0.0004 0.0003 0.0002 0.0001 0.0001 0.0000 0.0000 0.0000 0.0000 0.0000 0.0000 0.0000 0.0000 0.0000 0.0000 0.0000
 0.0000 0.0000 0.0000 0.0000 0.0000 0.0000 0.0000 0.0000 0.0000 0.0000 0.0000 0.0000 0.0000 0.0000 0.0001 0.0001 0.0002 0.0002 0.0003 0.0003 0.0003 0.0003 0.0003 0.0002 0.0002 0.0001 0.0001 0.0000 0.0000 0.0000 0.0000 0.0000 0.0000 0.0000 0.0000 0.0000 0.0000 0.0000 0.0000 0.0000
 0.0000 0.0000 0.0000 0.0000 0.0000 0.0000 0.0000 0.0000 0.0000 0.0000 0.0000 0.0000 0.0000 0.0000 0.0000 0.0000 0.0000 0.0001 0.0001 0.0001 0.0001 0.0001 0.0001 0.0001 0.0000 0.0000 0.0000 0.0000 0.0000 0.0000 0.0000 0.0000 0.0000 0.0000 0.0000 0.0000 0.0000 0.0000 0.0000 0.0000
 0.0000 0.0000 0.0000 0.0000 0.0000 0.0000 0.0000 0.0000 0.0000 0.0000 0.0000 0.0000 0.0000 0.0000 0.0000 0.0000 0.0000 0.0000 0.0000 0.0000 0.0000 0.0000 0.0000 0.0000 0.0000 0.0000 0.0000 0.0000 0.0000 0.0000 0.0000 0.0000 0.0000 0.0000 0.0000 0.0000 0.0000 0.0000 0.0000 0.0000
 0.0000 0.0000 0.0000 0.0000 0.0000 0.0000 0.0000 0.0000 0.0000 0.0000 0.0000 0.0000 0.0000 0.0000 0.0000 0.0000 0.0000 0.0000 0.0000 0.0000 0.0000 0.0000 0.0000 0.0000 0.0000 0.0000 0.0000 0.0000 0.0000 0.0000 0.0000 0.0000 0.0000 0.0000 0.0000 0.0000 0.0000 0.0000 0.0000 0.0000
 0.0000 0.0000 0.0000 0.0000 0.0000 0.0000 0.0000 0.0000 0.0000 0.0000 0.0000 0.0000 0.0000 0.0000 0.0000 0.0000 0.0000 0.0000 0.0000 0.0000 0.0000 0.0000 0.0000 0.0000 0.0000 0.0000 0.0000 0.0000 0.0000 0.0000 0.0000 0.0000 0.0000 0.0000 0.0000 0.0000 0.0000 0.0000 0.0000 0.0000
 0.0000 0.0000 0.0000 0.0000 0.0000 0.0000 0.0000 0.0000 0.0000 0.0000 0.0000 0.0000 0.0000 0.0000 0.0000 0.0000 0.0000 0.0000 0.0000 0.0000 0.0000 0.0000 0.0000 0.0000 0.0000 0.0000 0.0000 0.0000 0.0000 0.0000 0.0000 0.0000 0.0000 0.0000 0.0000 0.0000 0.0000 0.0000 0.0000 0.0000
